0,0
1,1
2,2
3,3
4,4
5,5
6,6
7,7
8,8
9,9
10,10
11,11
12,12
13,13
14,14
15,15
16,16
17,17
18,18
19,19
20,20
21,21
22,22
23,23
24,24
25,25
26,26
27,27
28,28
29,29
30,30
31,31
32,32
33,33
34,34
35,35
36,36
37,37
38,38
39,39
40,40
41,41
42,42
43,43
44,44
45,45
46,46
47,47
48,48
49,49
50,50
51,51
52,52
53,53
54,54
55,55
56,56
57,57
58,58
59,59
60,60
61,61
62,62
63,63
64,64
65,65
66,66
67,67
68,68
69,69
70,70
71,71
72,72
73,73
74,74
75,75
76,76
77,77
78,78
79,79
80,80
81,81
82,82
83,83
84,84
85,85
86,86
87,87
88,88
89,89
90,90
91,91
92,92
93,93
94,94
95,95
96,96
97,97
98,98
99,99
100,100
101,101
102,102
103,103
104,104
105,105
106,106
107,107
108,108
109,109
110,110
111,111
112,112
113,113
114,114
115,115
116,116
117,117
118,118
119,119
120,120
121,121
122,122
123,123
124,124
125,125
126,126
127,127
128,128
129,129
130,130
131,131
132,132
133,133
134,134
135,135
136,136
137,137
138,138
139,139
140,140
141,141
142,142
143,143
144,144
145,145
146,146
147,147
148,148
149,149
150,150
151,151
152,152
153,153
154,154
155,155
156,156
157,157
158,158
159,159
160,160
161,161
162,162
163,163
164,164
165,165
166,166
167,167
168,168
169,169
170,170
171,171
172,172
173,173
174,174
175,175
176,176
177,177
178,178
179,179
180,180
181,181
182,182
183,183
184,184
185,185
186,186
187,187
188,188
189,189
190,190
191,191
192,192
193,193
194,194
195,195
196,196
197,197
198,198
199,199
200,200
201,201
202,202
203,203
204,204
205,205
206,206
207,207
208,208
209,209
210,210
211,211
212,212
213,213
214,214
215,215
216,216
217,217
218,218
219,219
220,220
221,221
222,222
223,223
224,224
225,225
226,226
227,227
228,228
229,229
230,230
231,231
232,232
233,233
234,234
235,235
236,236
237,237
238,238
239,239
240,240
241,241
242,242
243,243
244,244
245,245
246,246
247,247
248,248
249,249
250,250
251,251
252,252
253,253
254,254
255,255
256,256
257,257
258,258
259,259
260,260
261,261
262,262
263,263
264,264
265,265
266,266
267,267
268,268
269,269
270,270
271,271
272,272
273,273
274,274
275,275
276,276
277,277
278,278
279,279
280,280
281,281
282,282
283,283
284,284
285,285
286,286
287,287
288,288
289,289
290,290
291,291
292,292
293,293
294,294
295,295
296,296
297,297
298,298
299,299
300,300
301,301
302,302
303,303
304,304
305,305
306,306
307,307
308,308
309,309
310,310
311,311
312,312
313,313
314,314
315,315
316,316
317,317
318,318
319,319
320,320
321,321
322,322
323,323
324,324
325,325
326,326
327,327
328,328
329,329
330,330
331,331
332,332
333,333
334,334
335,335
336,336
337,337
338,338
339,339
340,340
341,341
342,342
343,343
344,344
345,345
346,346
347,347
348,348
349,349
350,350
351,351
352,352
353,353
354,354
355,355
356,356
357,357
358,358
359,359
360,360
361,361
362,362
363,363
364,364
365,365
366,366
367,367
368,368
369,369
370,370
371,371
372,372
373,373
374,374
375,375
376,376
377,377
378,378
379,379
380,380
381,381
382,382
383,383
384,384
385,385
386,386
387,387
388,388
389,389
390,390
391,391
392,392
393,393
394,394
395,395
396,396
397,397
398,398
399,399
400,400
401,401
402,402
403,403
404,404
405,405
406,406
407,407
408,408
409,409
410,410
411,411
412,412
413,413
414,414
415,415
416,416
417,417
418,418
419,419
420,420
421,421
422,422
423,423
424,424
425,425
426,426
427,427
428,428
429,429
430,430
431,431
432,432
433,433
434,434
435,435
436,436
437,437
438,438
439,439
440,440
441,441
442,442
443,443
444,444
445,445
446,446
447,447
448,448
449,449
450,450
451,451
452,452
453,453
454,454
455,455
456,456
457,457
458,458
459,459
460,460
461,461
462,462
463,463
464,464
465,465
466,466
467,467
468,468
469,469
470,470
471,471
472,472
473,473
474,474
475,475
476,476
477,477
478,478
479,479
480,480
481,481
482,482
483,483
484,484
485,485
486,486
487,487
488,488
489,489
490,490
491,491
492,492
493,493
494,494
495,495
496,496
497,497
498,498
499,499
500,500
501,501
502,502
503,503
504,504
505,505
506,506
507,507
508,508
509,509
510,510
511,511
512,512
513,513
514,514
515,515
516,516
517,517
518,518
519,519
520,520
521,521
522,522
523,523
524,524
525,525
526,526
527,527
528,528
529,529
530,530
531,531
532,532
533,533
534,534
535,535
536,536
537,537
538,538
539,539
540,540
541,541
542,542
543,543
544,544
545,545
546,546
547,547
548,548
549,549
550,550
551,551
552,552
553,553
554,554
555,555
556,556
557,557
558,558
559,559
560,560
561,561
562,562
563,563
564,564
565,565
566,566
567,567
568,568
569,569
570,570
571,571
572,572
573,573
574,574
575,575
576,576
577,577
578,578
579,579
580,580
581,581
582,582
583,583
584,584
585,585
586,586
587,587
588,588
589,589
590,590
591,591
592,592
593,593
594,594
595,595
596,596
597,597
598,598
599,599
600,600
601,601
602,602
603,603
604,604
605,605
606,606
607,607
608,608
609,609
610,610
611,611
612,612
613,613
614,614
615,615
616,616
617,617
618,618
619,619
620,620
621,621
622,622
623,623
624,624
625,625
626,626
627,627
628,628
629,629
630,630
631,631
632,632
633,633
634,634
635,635
636,636
637,637
638,638
639,639
640,640
641,641
642,642
643,643
644,644
645,645
646,646
647,647
648,648
649,649
650,650
651,651
652,652
653,653
654,654
655,655
656,656
657,657
658,658
659,659
660,660
661,661
662,662
663,663
664,664
665,665
666,666
667,667
668,668
669,669
670,670
671,671
672,672
673,673
674,674
675,675
676,676
677,677
678,678
679,679
680,680
681,681
682,682
683,683
684,684
685,685
686,686
687,687
688,688
689,689
690,690
691,691
692,692
693,693
694,694
695,695
696,696
697,697
698,698
699,699
700,700
701,701
702,702
703,703
704,704
705,705
706,706
707,707
708,708
709,709
710,710
711,711
712,712
713,713
714,714
715,715
716,716
717,717
718,718
719,719
720,720
721,721
722,722
723,723
724,724
725,725
726,726
727,727
728,728
729,729
730,730
731,731
732,732
733,733
734,734
735,735
736,736
737,737
738,738
739,739
740,740
741,741
742,742
743,743
744,744
745,745
746,746
747,747
748,748
749,749
750,750
751,751
752,752
753,753
754,754
755,755
756,756
757,757
758,758
759,759
760,760
761,761
762,762
763,763
764,764
765,765
766,766
767,767
768,768
769,769
770,770
771,771
772,772
773,773
774,774
775,775
776,776
777,777
778,778
779,779
780,780
781,781
782,782
783,783
784,784
785,785
786,786
787,787
788,788
789,789
790,790
791,791
792,792
793,793
794,794
795,795
796,796
797,797
798,798
799,799
800,800
801,801
802,802
803,803
804,804
805,805
806,806
807,807
808,808
809,809
810,810
811,811
812,812
813,813
814,814
815,815
816,816
817,817
818,818
819,819
820,820
821,821
822,822
823,823
824,824
825,825
826,826
827,827
828,828
829,829
830,830
831,831
832,832
833,833
834,834
835,835
836,836
837,837
838,838
839,839
840,840
841,841
842,842
843,843
844,844
845,845
846,846
847,847
848,848
849,849
850,850
851,851
852,852
853,853
854,854
855,855
856,856
857,857
858,858
859,859
860,860
861,861
862,862
863,863
864,864
865,865
866,866
867,867
868,868
869,869
870,870
871,871
872,872
873,873
874,874
875,875
876,876
877,877
878,878
879,879
880,880
881,881
882,882
883,883
884,884
885,885
886,886
887,887
888,888
889,889
890,890
891,891
892,892
893,893
894,894
895,895
896,896
897,897
898,898
899,899
900,900
901,901
902,902
903,903
904,904
905,905
906,906
907,907
908,908
909,909
910,910
911,911
912,912
913,913
914,914
915,915
916,916
917,917
918,918
919,919
920,920
921,921
922,922
923,923
924,924
925,925
926,926
927,927
928,928
929,929
930,930
931,931
932,932
933,933
934,934
935,935
936,936
937,937
938,938
939,939
940,940
941,941
942,942
943,943
944,944
945,945
946,946
947,947
948,948
949,949
950,950
951,951
952,952
953,953
954,954
955,955
956,956
957,957
958,958
959,959
960,960
961,961
962,962
963,963
964,964
965,965
966,966
967,967
968,968
969,969
970,970
971,971
972,972
973,973
974,974
975,975
976,976
977,977
978,978
979,979
980,980
981,981
982,982
983,983
984,984
985,985
986,986
987,987
988,988
989,989
990,990
991,991
992,992
993,993
994,994
995,995
996,996
997,997
998,998
999,999

0,501
0,692
0,930
0,947
0,980
0,983
0,986
1,237
1,270
1,515
1,672
1,701
1,751
1,913
2,818
2,820
2,869
2,891
2,895
2,921
2,968
3,713
3,794
3,864
3,967
3,976
3,983
3,986
4,19
4,488
4,549
4,930
4,954
4,982
4,988
5,289
5,782
5,845
5,874
5,960
5,963
5,966
6,529
6,710
6,796
6,812
6,857
6,860
6,954
7,265
7,818
7,832
7,869
7,882
7,891
7,922
8,573
8,756
8,824
8,829
8,836
8,867
8,961
9,872
9,889
9,972
9,977
9,992
9,995
9,997
10,884
10,885
10,903
10,906
10,919
10,938
10,959
11,147
11,418
11,451
11,580
11,607
11,627
11,781
12,305
12,327
12,672
12,687
12,695
12,701
12,773
13,18
13,474
13,874
13,937
13,960
13,963
13,966
14,837
14,862
14,897
14,937
14,940
14,971
14,991
15,64
15,404
15,526
15,605
15,650
15,719
15,834
16,868
16,928
16,939
16,951
16,965
16,969
16,999
17,367
17,852
17,918
17,935
17,967
17,984
17,990
18,858
18,930
18,976
18,980
18,983
18,986
19,567
19,779
19,856
19,975
19,982
19,988
20,189
20,291
20,595
20,637
20,718
20,729
20,814
21,493
21,560
21,835
21,880
21,929
21,973
21,981
22,768
22,782
22,805
22,879
22,887
22,914
22,917
23,822
23,871
23,916
23,943
23,944
23,953
23,956
24,668
24,820
24,848
24,882
24,895
24,921
24,922
25,676
25,759
25,884
25,919
25,938
25,948
25,959
26,675
26,738
26,867
26,870
26,902
26,918
26,961
27,742
27,918
27,936
27,951
27,984
27,990
27,993
28,135
28,324
28,436
28,706
28,733
28,766
28,769
29,32
29,518
29,683
29,871
29,916
29,943
29,944
30,147
30,744
30,884
30,906
30,938
30,948
30,959
31,57
31,385
31,404
31,491
31,513
31,523
31,834
32,266
32,306
32,451
32,559
32,607
32,799
33,216
33,716
33,872
33,876
33,952
33,974
33,991
34,343
34,795
34,824
34,829
34,834
34,867
34,961
35,231
35,543
35,653
35,767
35,807
35,867
35,961
36,194
36,539
36,644
36,695
36,701
36,761
36,773
37,190
37,396
37,812
37,905
37,929
37,973
37,981
38,766
38,928
38,946
38,965
38,969
38,989
38,999
39,641
39,683
39,762
39,916
39,943
39,953
39,956
40,709
40,858
40,947
40,976
40,980
40,983
40,986
41,744
41,846
41,884
41,903
41,906
41,948
41,959
42,102
42,176
42,180
42,778
42,841
42,877
42,886
43,876
43,955
43,970
43,972
43,977
43,979
43,985
44,268
44,357
44,358
44,371
44,511
44,665
44,733
45,851
45,883
45,965
45,969
45,987
45,989
45,999
46,59
46,365
46,618
46,811
46,859
46,885
46,925
47,509
47,756
47,795
47,829
47,867
47,902
47,961
48,683
48,685
48,745
48,871
48,943
48,944
48,953
49,122
49,454
49,759
49,881
49,896
49,933
49,941
50,675
50,723
50,801
50,821
50,849
50,878
50,925
51,111
51,709
51,864
51,976
51,980
51,983
51,986
52,144
52,735
52,835
52,888
52,945
52,973
52,981
53,259
53,581
53,683
53,745
53,943
53,953
53,956
54,287
54,358
54,371
54,549
54,630
54,706
54,766
55,753
55,803
55,894
55,934
55,949
55,950
55,964
56,668
56,757
56,968
56,978
56,987
56,996
56,998
57,363
57,523
57,526
57,690
57,834
57,871
58,477
58,852
58,918
58,967
58,969
58,984
58,993
59,366
59,583
59,800
59,904
59,942
59,957
60,369
60,910
60,913
60,967
60,984
60,990
60,993
61,157
61,743
61,868
61,928
61,965
61,989
61,999
62,458
62,883
62,946
62,965
62,969
62,989
62,999
63,496
63,574
63,897
63,940
63,971
63,974
63,991
64,610
64,884
64,906
64,919
64,938
64,959
65,700
65,800
65,904
65,925
65,926
65,942
65,984
66,816
66,852
66,918
66,967
66,984
66,990
66,993
67,901
67,934
67,978
67,987
67,994
67,996
67,998
68,510
68,868
68,928
68,939
68,965
68,969
68,989
69,723
69,724
69,748
69,801
69,826
69,849
69,850
70,456
70,603
70,790
70,883
70,969
70,989
70,999
71,677
71,724
71,779
71,927
71,975
71,982
71,988
72,851
72,928
72,946
72,965
72,969
72,989
72,999
73,785
73,842
73,935
73,951
73,967
73,984
73,993
74,215
74,793
74,830
74,872
74,952
74,974
74,991
75,260
75,415
75,572
75,763
75,778
75,877
75,886
76,758
76,955
76,977
76,979
76,992
76,995
76,997
77,117
77,215
77,228
77,385
77,605
77,626
77,999
78,351
78,572
78,778
78,788
78,841
78,886
78,892
79,780
79,845
79,937
79,960
79,962
79,963
79,966
80,646
80,648
80,663
80,718
80,729
80,806
80,814
81,102
81,361
81,530
81,778
81,841
81,877
81,886
82,493
82,715
82,835
82,912
82,929
82,973
82,981
83,377
83,379
83,507
83,763
83,788
83,841
83,877
84,819
84,847
84,897
84,908
84,931
84,971
84,974
85,464
85,692
85,854
85,859
85,887
85,914
85,917
86,305
86,619
86,638
86,811
86,885
86,932
86,957
87,569
87,751
87,885
87,926
87,932
87,957
87,958
88,593
88,734
88,937
88,939
88,960
88,963
88,966
89,743
89,781
89,868
89,939
89,946
89,989
89,999
90,528
90,739
90,970
90,979
90,985
90,995
90,997
91,596
91,651
91,660
91,912
91,945
91,973
91,981
92,601
92,614
92,836
92,927
92,954
92,982
92,988
93,673
93,736
93,824
93,829
93,870
93,902
93,961
94,764
94,871
94,922
94,943
94,944
94,953
94,956
95,305
95,483
95,644
95,695
95,701
95,751
95,773
96,806
96,861
96,930
96,976
96,980
96,983
96,986
97,402
97,580
97,627
97,640
97,659
97,781
97,888
98,99
98,406
98,646
98,663
98,729
98,776
98,814
99,438
99,637
99,718
99,776
99,814
99,872
100,181
100,469
100,556
100,636
100,702
100,825
100,899
101,161
101,334
101,652
101,879
101,911
101,914
101,917
102,788
102,841
102,877
102,886
102,941
103,708
103,868
103,928
103,939
103,946
103,989
103,999
104,840
104,894
104,934
104,949
104,950
104,962
104,964
105,915
105,968
105,978
105,987
105,994
105,996
105,998
106,774
106,865
106,978
106,987
106,994
106,996
106,998
107,261
107,373
107,605
107,650
107,690
107,719
107,834
108,182
108,968
108,978
108,987
108,994
108,996
108,998
109,205
109,784
109,890
109,949
109,950
109,962
109,964
110,161
110,220
110,303
110,436
110,630
110,733
110,864
111,910
111,920
111,935
111,936
111,984
111,993
112,118
112,330
112,804
112,882
112,891
112,895
112,921
113,231
113,573
113,740
113,807
113,829
113,902
113,961
114,511
114,637
114,663
114,718
114,729
114,776
114,814
115,661
115,830
115,931
115,940
115,952
115,974
115,991
116,369
116,428
116,492
116,528
116,760
116,810
116,853
117,373
117,491
117,690
117,719
117,834
117,972
118,865
118,968
118,978
118,987
118,996
118,998
119,743
119,750
119,939
119,965
119,969
119,989
119,999
120,276
120,384
120,464
120,696
120,887
120,911
120,914
121,576
121,791
121,878
121,928
121,946
121,969
121,999
122,524
122,724
122,787
122,821
122,826
122,850
123,789
123,837
123,915
123,940
123,971
123,974
123,991
124,767
124,832
124,842
124,937
124,960
124,963
124,966
125,676
125,809
125,846
125,906
125,919
125,938
125,959
126,237
126,443
126,515
126,687
126,761
126,773
126,938
127,910
127,936
127,951
127,967
127,984
127,990
127,993
128,893
128,972
128,977
128,979
128,985
128,992
128,997
129,313
129,837
129,862
129,908
129,940
129,952
129,991
130,623
130,845
130,874
130,937
130,960
130,963
130,966
131,645
131,768
131,790
131,805
131,911
131,914
131,917
132,142
132,768
132,879
132,886
132,911
132,914
132,917
133,683
133,691
133,835
133,888
133,912
133,973
133,981
134,785
134,918
134,935
134,951
134,967
134,990
134,993
135,220
135,357
135,511
135,706
135,733
135,766
136,278
136,409
136,805
136,854
136,887
136,911
136,917
137,462
137,529
137,582
137,813
137,819
137,857
137,860
138,508
138,660
138,691
138,929
138,945
138,981
138,994
139,606
139,780
139,845
139,874
139,960
139,963
139,966
140,589
140,731
140,748
140,821
140,849
140,850
140,878
141,307
141,928
141,939
141,946
141,965
141,969
141,999
142,496
142,768
142,854
142,879
142,887
142,914
142,917
143,548
143,649
143,818
143,820
143,832
143,869
143,891
143,922
144,383
144,883
144,946
144,965
144,969
144,989
144,999
145,251
145,377
145,507
145,763
145,778
145,788
145,877
145,886
146,273
146,294
146,571
146,737
146,906
146,919
146,948
146,959
147,855
147,884
147,903
147,938
147,948
147,959
148,336
148,777
148,806
148,930
148,947
148,976
148,983
148,986
149,420
149,492
149,528
149,665
149,667
149,769
149,810
149,853
150,777
150,864
150,930
150,947
150,976
150,980
150,983
150,986
151,279
151,556
151,636
151,786
151,825
151,833
151,888
151,899
152,659
152,809
152,884
152,903
152,919
152,938
152,948
152,959
153,314
153,389
153,622
153,667
153,760
153,804
153,810
153,853
154,284
154,618
154,703
154,815
154,932
154,942
154,957
154,958
155,758
155,889
155,955
155,972
155,979
155,985
155,992
155,995
156,752
156,866
156,910
156,913
156,918
156,951
156,984
156,990
157,675
157,740
157,795
157,807
157,867
157,902
157,961
158,783
158,840
158,880
158,888
158,905
158,929
158,973
158,981
159,287
159,303
159,324
159,360
159,498
159,630
159,706
159,766
160,189
160,233
160,490
160,637
160,646
160,776
160,807
160,814
161,303
161,360
161,436
161,630
161,733
161,766
162,725
162,852
162,910
162,918
162,935
162,936
162,984
162,990
163,564
163,649
163,804
163,818
163,869
163,882
163,891
163,922
164,548
164,551
164,771
164,804
164,891
164,895
164,921
164,922
165,803
165,890
165,893
165,924
165,949
165,950
165,962
165,964
166,231
166,736
166,740
166,795
166,807
166,867
166,902
166,961
167,220
167,268
167,303
167,436
167,498
167,511
167,744
167,766
168,533
168,673
168,738
168,795
168,807
168,867
168,902
168,961
169,453
169,594
169,673
169,756
169,807
169,824
169,870
169,961
170,836
170,856
170,889
170,927
170,954
170,975
170,982
170,988
171,694
171,791
171,883
171,924
171,939
171,965
171,989
171,999
172,319
172,382
172,469
172,712
172,786
172,825
172,833
172,899
173,535
173,572
173,778
173,788
173,841
173,846
173,877
173,886
174,865
174,880
174,901
174,968
174,978
174,994
174,996
174,998
175,228
175,491
175,526
175,605
175,658
175,722
175,758
175,834
176,512
176,764
176,871
176,943
176,944
176,953
176,956
177,208
177,708
177,894
177,928
177,946
177,965
177,989
177,999
178,684
178,910
178,913
178,936
178,951
178,984
178,990
178,993
179,437
179,703
179,800
179,859
179,885
179,904
179,932
179,958
180,351
180,361
180,763
180,841
180,877
180,886
180,887
181,272
181,598
181,684
181,707
181,712
181,833
181,899
182,443
182,672
182,695
182,701
182,751
182,761
182,773
183,200
183,703
183,800
183,815
183,925
183,932
183,957
183,958
184,254
184,398
184,403
184,440
184,671
184,678
184,728
184,750
185,333
185,398
185,671
185,693
185,728
185,747
185,750
185,778
186,467
186,470
186,667
186,704
186,796
186,813
186,819
186,860
187,800
187,868
187,885
187,892
187,904
187,926
187,942
187,958
188,377
188,415
188,530
188,632
188,778
188,841
188,877
188,886
189,646
189,718
189,729
189,776
189,808
189,814
190,322
190,606
190,812
190,905
190,945
190,973
190,981
191,251
191,582
191,721
191,796
191,813
191,819
191,857
191,860
192,650
192,791
192,851
192,883
192,939
192,946
192,969
192,989
193,529
193,582
193,710
193,721
193,796
193,819
193,857
193,860
194,672
194,687
194,695
194,701
194,751
194,761
194,773
195,713
195,717
195,900
195,947
195,976
195,980
195,983
195,986
196,583
196,842
196,892
196,904
196,925
196,942
196,957
196,958
197,872
197,876
197,897
197,920
197,931
197,940
197,974
197,991
198,380
198,920
198,935
198,936
198,967
198,984
198,990
198,993
199,256
199,669
199,762
199,871
199,944
199,953
199,956
199,983
200,548
200,771
200,818
200,832
200,869
200,921
200,922
201,355
201,506
201,639
201,684
201,920
201,983
201,990
201,993
202,525
202,797
202,806
202,947
202,976
202,980
202,983
202,986
203,703
203,721
203,811
203,892
203,926
203,932
203,942
203,957
204,356
204,554
204,665
204,686
204,760
204,769
204,810
204,853
205,727
205,731
205,801
205,826
205,849
205,850
205,878
206,775
206,847
206,862
206,897
206,931
206,952
206,974
206,991
207,256
207,259
207,764
207,916
207,943
207,944
207,953
207,956
208,928
208,939
208,946
208,965
208,969
208,989
208,999
209,362
209,828
209,839
209,931
209,940
209,952
209,974
209,991
210,299
210,752
210,873
210,936
210,951
210,984
210,990
210,993
211,858
211,861
211,900
211,947
211,976
211,980
211,983
211,986
212,732
212,811
212,815
212,892
212,904
212,926
212,932
212,958
213,563
213,827
213,972
213,977
213,979
213,992
213,995
213,997
214,742
214,873
214,910
214,918
214,920
214,984
214,990
214,993
215,352
215,363
215,605
215,626
215,658
215,834
216,884
216,903
216,906
216,919
216,938
216,948
216,959
217,254
217,333
217,356
217,693
217,711
217,747
217,750
217,948
218,332
218,579
218,723
218,787
218,801
218,821
218,850
218,878
219,692
219,768
219,879
219,887
219,911
219,914
219,917
219,969
220,268
220,358
220,360
220,766
220,933
221,222
221,365
221,619
221,643
221,720
221,885
221,942
221,958
222,282
222,339
222,356
222,452
222,590
222,693
222,728
223,266
223,299
223,306
223,607
223,627
223,640
223,659
223,799
224,655
224,725
224,901
224,968
224,978
224,994
224,996
224,998
225,741
225,955
225,970
225,979
225,985
225,992
225,995
225,997
226,730
226,746
226,780
226,848
226,937
226,960
226,963
226,966
227,692
227,768
227,774
227,805
227,854
227,887
227,911
227,917
228,261
228,650
228,673
228,719
228,722
228,834
229,295
229,714
229,779
229,907
229,927
229,954
229,975
229,982
230,592
230,600
230,824
230,874
230,937
230,960
230,963
230,966
231,343
231,673
231,740
231,870
231,961
232,354
232,438
232,490
232,646
232,718
232,729
232,814
232,977
233,354
233,490
233,646
233,648
233,718
233,776
233,814
234,383
234,510
234,790
234,791
234,868
234,883
234,965
234,999
235,259
235,647
235,762
235,803
235,822
235,871
235,944
235,953
236,337
236,541
236,629
236,759
236,765
236,896
236,933
236,941
237,270
237,515
237,539
237,672
237,761
237,773
238,753
238,840
238,863
238,885
238,924
238,949
238,950
238,962
239,431
239,700
239,815
239,885
239,904
239,926
239,932
239,998
240,262
240,373
240,406
240,605
240,690
240,719
240,722
240,834
241,635
241,701
241,793
241,830
241,931
241,952
241,974
241,991
242,463
242,749
242,840
242,894
242,898
242,924
242,934
242,962
243,455
243,795
243,836
243,907
243,927
243,954
243,975
243,988
244,915
244,923
244,968
244,971
244,978
244,994
244,996
244,998
245,278
245,652
245,753
245,879
245,887
245,911
245,914
245,917
246,310
246,704
246,721
246,754
246,796
246,813
246,857
246,860
247,487
247,738
247,756
247,867
247,870
247,902
247,961
247,984
248,418
248,724
248,731
248,748
248,821
248,849
248,850
248,878
249,758
249,866
249,972
249,977
249,979
249,985
249,995
249,997
250,518
250,579
250,801
250,916
250,943
250,944
250,953
250,956
251,302
251,361
251,415
251,535
251,788
251,886
252,423
252,504
252,625
252,630
252,667
252,760
252,769
252,853
253,389
253,633
253,649
253,656
253,771
253,869
253,895
253,922
254,671
254,693
254,711
254,728
254,747
254,750
254,841
255,487
255,594
255,653
255,736
255,796
255,807
255,867
255,870
255,961
256,512
256,625
256,745
256,871
256,943
256,953
256,956
257,611
257,704
257,710
257,721
257,813
257,819
257,857
257,860
257,884
258,260
258,767
258,782
258,831
258,848
258,937
258,960
258,963
258,966
259,546
259,654
259,764
259,871
259,916
259,944
260,507
260,572
260,778
260,788
260,841
260,877
260,886
261,513
261,650
261,658
261,690
261,722
261,834
261,956
262,385
262,404
262,489
262,650
262,658
262,690
262,719
262,722
263,893
263,900
263,970
263,977
263,979
263,985
263,992
263,995
263,997
264,600
264,767
264,845
264,874
264,898
264,937
264,960
264,963
264,966
265,366
265,668
265,699
265,818
265,832
265,869
265,891
265,958
266,451
266,468
266,640
266,659
266,781
266,799
266,944
267,353
267,955
267,970
267,972
267,977
267,979
267,992
267,995
267,997
268,324
268,357
268,436
268,507
268,630
268,706
269,574
269,716
269,798
269,872
269,904
269,931
269,940
269,952
269,991
270,327
270,385
270,515
270,644
270,687
270,701
270,751
271,508
271,715
271,754
271,888
271,929
271,940
271,945
271,973
271,981
272,584
272,702
272,707
272,712
272,717
272,746
272,881
272,899
273,550
273,809
273,855
273,860
273,884
273,938
273,948
273,959
274,275
274,609
274,629
274,678
274,759
274,881
274,895
274,933
274,941
275,286
275,445
275,457
275,489
275,881
275,896
275,933
275,941
276,970
276,972
276,977
276,979
276,985
276,992
276,995
276,997
277,316
277,820
277,832
277,882
277,891
277,895
277,921
277,922
277,970
278,442
278,696
278,770
278,854
278,879
278,914
278,917
279,294
279,584
279,664
279,702
279,712
279,717
279,833
279,899
280,394
280,519
280,846
280,855
280,863
280,884
280,938
280,948
280,959
281,283
281,865
281,909
281,915
281,923
281,987
281,994
281,996
281,998
282,374
282,440
282,452
282,570
282,590
282,728
282,747
282,750
283,754
283,823
283,888
283,905
283,912
283,945
283,973
283,981
284,601
284,620
284,907
284,927
284,954
284,975
284,982
284,988
285,311
285,610
285,765
285,884
285,903
285,919
285,938
285,948
285,959
286,509
286,581
286,678
286,759
286,881
286,896
286,933
286,941
287,371
287,498
287,511
287,572
287,706
287,733
287,766
288,616
288,639
288,901
288,968
288,978
288,987
288,994
288,996
288,998
289,789
289,798
289,847
289,908
289,952
289,971
289,974
289,991
290,479
290,777
290,861
290,864
290,900
290,930
290,980
290,983
290,986
291,403
291,438
291,637
291,648
291,663
291,718
291,729
291,776
292,488
292,666
292,836
292,856
292,927
292,954
292,975
292,982
292,988
293,645
293,692
293,768
293,854
293,879
293,911
293,914
293,917
293,969
294,308
294,556
294,717
294,746
294,786
294,833
294,899
295,727
295,748
295,801
295,821
295,826
295,849
295,850
295,878
296,459
296,514
296,567
296,796
296,838
296,907
296,954
296,975
296,988
297,512
297,745
297,822
297,873
297,916
297,943
297,944
297,953
297,956
298,516
298,590
298,802
298,817
298,889
298,972
298,977
298,992
298,997
299,345
299,439
299,559
299,627
299,640
299,781
299,799
300,725
300,915
300,923
300,936
300,968
300,978
300,987
300,996
300,998
301,529
301,749
301,875
301,894
301,924
301,934
301,949
301,962
301,964
302,351
302,377
302,763
302,778
302,788
302,841
302,877
302,886
303,498
303,511
303,630
303,766
303,865
304,369
304,504
304,554
304,625
304,686
304,753
304,769
304,810
304,853
305,327
305,443
305,483
305,644
305,687
305,761
306,345
306,468
306,559
306,607
306,781
306,799
306,825
307,389
307,504
307,554
307,622
307,665
307,686
307,769
307,810
308,584
308,627
308,664
308,712
308,717
308,786
308,825
308,899
309,419
309,588
309,601
309,612
309,775
309,954
309,975
309,982
309,988
310,476
310,681
310,704
310,721
310,796
310,813
310,857
310,860
311,571
311,737
311,809
311,855
311,876
311,938
311,948
311,959
312,585
312,629
312,678
312,759
312,828
312,892
312,896
312,933
312,941
313,370
313,558
313,798
313,839
313,872
313,897
313,971
313,991
314,423
314,536
314,554
314,625
314,665
314,764
314,810
314,853
315,698
315,703
315,815
315,890
315,904
315,925
315,932
315,957
315,958
316,668
316,820
316,869
316,882
316,895
316,921
316,922
316,971
317,604
317,794
317,861
317,930
317,947
317,976
317,980
317,983
317,986
318,588
318,755
318,775
318,779
318,838
318,863
318,954
318,975
318,988
319,449
319,556
319,702
319,712
319,717
319,825
319,899
319,960
320,460
320,469
320,717
320,746
320,786
320,807
320,825
320,833
320,899
321,423
321,432
321,724
321,801
321,821
321,826
321,849
321,850
321,878
322,531
322,715
322,735
322,846
322,912
322,929
322,945
322,981
323,536
323,910
323,918
323,935
323,936
323,967
323,984
323,990
323,993
324,357
324,371
324,436
324,630
324,706
324,733
325,804
325,820
325,832
325,869
325,891
325,895
325,921
325,922
325,983
326,465
326,524
326,723
326,748
326,826
326,849
326,850
326,878
326,907
327,434
327,644
327,672
327,701
327,751
327,773
328,352
328,363
328,373
328,491
328,523
328,605
328,658
328,722
328,762
329,553
329,567
329,620
329,907
329,927
329,954
329,975
329,982
329,988
330,699
330,818
330,869
330,882
330,891
330,895
330,921
330,922
331,692
331,768
331,804
331,805
331,854
331,887
331,911
331,914
331,917
332,731
332,787
332,821
332,826
332,849
332,850
332,878
332,931
333,339
333,452
333,575
333,590
333,728
333,750
333,763
334,464
334,496
334,696
334,716
334,854
334,879
334,911
334,917
335,682
335,718
335,793
335,798
335,837
335,931
335,971
335,974
335,991
336,521
336,546
336,669
336,822
336,916
336,943
336,944
336,956
337,500
337,759
337,765
337,828
337,843
337,896
337,933
337,941
338,573
338,675
338,740
338,754
338,807
338,824
338,870
338,902
338,961
339,363
339,380
339,440
339,570
339,711
339,728
339,747
340,823
340,843
340,970
340,977
340,979
340,985
340,992
340,995
340,997
341,472
341,797
341,865
341,909
341,968
341,987
341,994
341,996
341,998
342,468
342,580
342,607
342,627
342,640
342,659
342,781
342,799
342,831
343,738
343,756
343,803
343,824
343,867
343,870
343,961
344,633
344,656
344,820
344,832
344,891
344,895
344,921
344,922
344,985
345,439
345,451
345,559
345,659
345,781
345,782
345,799
346,839
346,897
346,908
346,931
346,945
346,952
346,971
346,974
346,991
347,349
347,549
347,836
347,838
347,907
347,947
347,975
347,982
347,988
348,589
348,731
348,787
348,801
348,821
348,849
348,850
348,878
348,961
349,455
349,514
349,832
349,838
349,907
349,927
349,975
349,982
349,988
350,534
350,612
350,666
350,755
350,907
350,927
350,954
350,975
350,982
350,988
351,535
351,572
351,763
351,841
351,874
351,877
351,886
352,404
352,491
352,605
352,626
352,658
352,719
352,722
352,830
353,614
353,757
353,797
353,808
353,923
353,978
353,994
353,996
353,998
354,406
354,648
354,663
354,718
354,729
354,761
354,776
354,814
355,565
355,873
355,913
355,935
355,936
355,967
355,984
355,990
355,993
356,403
356,452
356,570
356,575
356,693
356,711
356,728
357,436
357,511
357,689
357,706
357,733
357,766
358,371
358,498
358,511
358,630
358,733
358,766
358,874
359,709
359,818
359,858
359,900
359,930
359,947
359,976
359,980
359,983
359,986
360,498
360,511
360,630
360,706
360,733
360,766
360,881
361,507
361,530
361,763
361,778
361,877
361,886
361,975
362,847
362,862
362,876
362,904
362,931
362,952
362,971
362,974
362,991
363,523
363,526
363,626
363,650
363,690
363,834
364,490
364,637
364,646
364,648
364,663
364,718
364,729
364,776
364,814
364,990
365,432
365,482
365,811
365,815
365,925
365,932
365,942
365,958
366,441
366,699
366,818
366,832
366,882
366,891
366,895
366,922
367,843
367,866
367,970
367,977
367,979
367,985
367,992
367,995
367,997
368,499
368,743
368,791
368,868
368,928
368,939
368,946
368,965
368,989
368,999
369,389
369,528
369,625
369,667
369,686
369,769
369,853
370,662
370,831
370,842
370,848
370,874
370,937
370,960
370,963
370,966
371,630
371,663
371,706
371,733
371,766
372,656
372,700
372,720
372,811
372,892
372,925
372,932
372,942
372,957
372,958
373,468
373,605
373,690
373,719
373,722
373,834
374,398
374,440
374,452
374,570
374,575
374,693
374,747
374,750
374,952
375,384
375,486
375,645
375,692
375,879
375,887
375,911
375,914
375,917
375,950
376,512
376,521
376,525
376,595
376,822
376,916
376,943
376,944
376,953
376,956
377,530
377,535
377,786
377,841
377,877
377,886
378,787
378,790
378,851
378,883
378,928
378,939
378,946
378,969
378,989
378,999
379,395
379,454
379,552
379,759
379,828
379,881
379,896
379,933
379,941
380,403
380,440
380,575
380,590
380,671
380,693
380,728
380,750
381,545
381,741
381,791
381,883
381,928
381,939
381,946
381,965
381,969
381,999
382,556
382,584
382,598
382,643
382,746
382,786
382,825
382,833
382,899
383,384
383,708
383,851
383,883
383,939
383,969
383,989
383,999
384,486
384,578
384,805
384,854
384,887
384,911
384,914
385,513
385,523
385,526
385,626
385,658
385,719
386,387
386,424
386,426
386,681
386,704
386,726
386,796
386,813
386,857
386,860
387,424
387,611
387,710
387,796
387,813
387,819
387,848
387,857
387,860
388,416
388,426
388,467
388,529
388,704
388,710
388,796
388,813
388,819
388,857
389,423
389,554
389,622
389,769
389,810
389,853
390,539
390,642
390,909
390,915
390,968
390,978
390,987
390,994
390,996
390,998
391,596
391,735
391,754
391,773
391,823
391,835
391,880
391,929
391,945
391,973
392,503
392,744
392,829
392,846
392,855
392,884
392,903
392,938
392,948
392,959
393,517
393,597
393,670
393,840
393,875
393,890
393,934
393,950
393,962
393,964
394,550
394,744
394,789
394,809
394,846
394,855
394,906
394,948
394,959
395,397
395,445
395,471
395,566
395,577
395,585
395,678
395,933
395,941
396,472
396,651
396,880
396,905
396,912
396,929
396,945
396,973
396,981
397,435
397,489
397,609
397,678
397,765
397,826
397,896
397,933
397,941
398,570
398,644
398,671
398,693
398,711
398,728
398,750
399,713
399,794
399,858
399,930
399,947
399,976
399,980
399,981
399,983
399,986
400,600
400,705
400,782
400,794
400,831
400,842
400,937
400,960
400,963
400,966
401,471
401,697
401,855
401,864
401,930
401,947
401,976
401,980
401,983
401,986
402,439
402,451
402,452
402,559
402,580
402,640
402,659
402,781
402,799
403,440
403,570
403,590
403,711
403,747
403,750
404,523
404,605
404,650
404,719
404,834
404,995
405,843
405,846
405,955
405,970
405,972
405,977
405,979
405,985
405,992
405,997
406,490
406,637
406,663
406,718
406,729
406,776
406,814
407,408
407,684
407,910
407,918
407,920
407,936
407,951
407,967
407,984
407,993
408,703
408,720
408,859
408,892
408,904
408,925
408,926
408,942
408,958
409,517
409,777
409,794
409,900
409,947
409,976
409,980
409,983
409,986
410,735
410,783
410,823
410,847
410,880
410,888
410,929
410,945
410,973
410,981
411,478
411,551
411,660
411,840
411,890
411,894
411,898
411,950
411,962
411,964
412,568
412,657
412,910
412,913
412,935
412,951
412,967
412,984
412,990
412,993
413,482
413,815
413,841
413,859
413,925
413,926
413,932
413,942
413,957
413,958
414,732
414,797
414,840
414,901
414,915
414,968
414,987
414,994
414,996
414,998
415,763
415,778
415,788
415,841
415,877
415,886
415,901
416,500
416,555
416,577
416,678
416,765
416,881
416,896
416,933
416,941
417,534
417,573
417,675
417,736
417,807
417,867
417,870
417,894
417,902
417,961
418,451
418,468
418,580
418,607
418,627
418,640
418,781
418,799
419,593
419,662
419,689
419,782
419,848
419,937
419,960
419,963
419,966
420,843
420,893
420,955
420,972
420,979
420,985
420,992
420,995
420,997
421,642
421,736
421,774
421,909
421,915
421,978
421,987
421,994
421,996
421,998
422,576
422,791
422,851
422,928
422,939
422,965
422,969
422,986
422,989
422,999
423,504
423,536
423,554
423,760
423,769
423,810
423,853
424,681
424,704
424,710
424,721
424,796
424,813
424,857
424,860
424,867
425,562
425,777
425,858
425,900
425,930
425,947
425,952
425,976
425,980
425,983
425,986
426,467
426,661
426,681
426,704
426,721
426,796
426,819
426,857
426,860
427,613
427,837
427,839
427,845
427,897
427,908
427,931
427,940
427,952
427,971
427,974
428,743
428,851
428,868
428,928
428,939
428,946
428,965
428,969
428,989
428,999
429,519
429,583
429,610
429,855
429,884
429,903
429,906
429,919
429,938
429,948
429,959
430,797
430,844
430,865
430,909
430,923
430,928
430,978
430,987
430,994
430,996
430,998
431,571
431,638
431,885
431,892
431,926
431,932
431,942
431,957
431,958
431,995
432,589
432,727
432,748
432,801
432,821
432,826
432,849
432,850
432,878
433,742
433,785
433,882
433,913
433,920
433,935
433,936
433,951
433,967
433,984
433,990
434,460
434,556
434,636
434,664
434,707
434,746
434,786
434,825
434,833
434,899
435,445
435,500
435,585
435,765
435,828
435,881
435,896
435,933
435,941
435,973
436,512
436,630
436,733
436,766
437,482
437,643
437,688
437,892
437,925
437,926
437,942
437,957
437,958
437,978
438,637
438,646
438,648
438,663
438,718
438,776
438,814
438,902
439,468
439,559
439,627
439,640
439,659
439,719
439,781
439,799
440,575
440,728
440,747
440,750
440,995
441,771
441,804
441,818
441,869
441,882
441,891
441,895
441,921
441,922
441,999
442,451
442,486
442,645
442,652
442,854
442,879
442,887
442,911
442,914
442,917
443,515
443,539
443,644
443,672
443,695
443,722
443,751
443,761
444,586
444,595
444,647
444,683
444,871
444,916
444,933
444,943
444,944
444,953
444,956
445,454
445,566
445,828
445,861
445,881
445,896
445,933
445,941
446,562
446,697
446,777
446,793
446,858
446,861
446,900
446,976
446,980
446,983
446,986
447,792
447,816
447,817
447,955
447,970
447,972
447,977
447,985
447,992
447,995
447,997
448,527
448,545
448,576
448,603
448,694
448,790
448,939
448,965
448,969
448,989
448,999
449,531
449,584
449,636
449,664
449,746
449,786
449,825
449,833
449,899
449,951
450,732
450,852
450,873
450,910
450,913
450,920
450,936
450,967
450,984
450,990
450,993
451,607
451,627
451,659
451,799
452,575
452,590
452,671
452,711
452,747
453,830
453,837
453,839
453,847
453,931
453,940
453,952
453,971
453,974
453,991
454,577
454,609
454,759
454,764
454,828
454,896
454,933
454,941
455,714
455,779
455,836
455,927
455,949
455,954
455,975
455,982
455,988
456,790
456,868
456,928
456,939
456,946
456,965
456,969
456,982
456,989
456,999
457,555
457,566
457,577
457,585
457,629
457,759
457,765
457,828
457,933
457,941
458,844
458,865
458,909
458,923
458,968
458,970
458,987
458,994
458,996
458,998
459,613
459,666
459,775
459,838
459,856
459,907
459,927
459,975
459,982
459,988
460,584
460,598
460,702
460,717
460,755
460,786
460,825
460,833
460,899
461,558
461,613
461,671
461,793
461,847
461,908
461,940
461,952
461,971
461,974
461,991
462,866
462,889
462,955
462,972
462,977
462,979
462,985
462,992
462,995
462,997
463,484
463,568
463,792
463,839
463,924
463,934
463,949
463,950
463,962
463,964
464,645
464,805
464,854
464,879
464,887
464,911
464,914
464,928
465,589
465,603
465,723
465,724
465,727
465,787
465,821
465,826
465,850
465,878
466,653
466,673
466,675
466,740
466,824
466,829
466,867
466,870
466,902
466,917
466,961
467,681
467,704
467,721
467,726
467,813
467,819
467,857
467,860
468,580
468,659
468,781
468,799
468,813
469,556
469,584
469,598
469,664
469,707
469,786
469,821
469,899
470,582
470,611
470,681
470,704
470,710
470,721
470,796
470,819
470,843
470,857
471,794
471,864
471,900
471,930
471,947
471,976
471,980
471,983
471,986
472,797
472,865
472,901
472,968
472,978
472,987
472,994
472,996
472,998
473,547
473,584
473,741
473,889
473,893
473,955
473,977
473,985
473,992
473,995
473,997
474,641
474,680
474,730
474,831
474,842
474,845
474,874
474,937
474,963
474,966
475,602
475,612
475,677
475,838
475,856
475,907
475,927
475,954
475,975
475,982
475,988
476,889
476,955
476,970
476,972
476,977
476,979
476,985
476,992
476,995
476,997
477,830
477,852
477,873
477,913
477,935
477,951
477,967
477,984
477,990
477,993
478,591
478,863
478,894
478,924
478,934
478,947
478,949
478,950
478,962
478,964
479,790
479,851
479,868
479,883
479,939
479,946
479,965
479,969
479,989
479,999
480,545
480,689
480,734
480,780
480,831
480,848
480,874
480,937
480,960
480,963
480,966
481,512
481,546
481,647
481,669
481,744
481,764
481,916
481,943
481,944
481,953
481,956
482,619
482,698
482,811
482,926
482,932
482,935
482,957
482,958
483,515
483,644
483,687
483,695
483,701
483,751
483,761
483,773
483,806
484,603
484,851
484,868
484,903
484,939
484,946
484,965
484,969
484,989
484,999
485,679
485,744
485,808
485,809
485,846
485,884
485,903
485,919
485,946
485,948
485,959
486,496
486,578
486,854
486,879
486,911
486,914
486,917
486,919
487,534
487,627
487,738
487,756
487,795
487,824
487,829
487,870
487,961
488,708
488,836
488,856
488,907
488,927
488,954
488,975
488,982
488,988
489,552
489,566
489,609
489,828
489,881
489,896
489,933
489,941
490,637
490,648
490,729
490,776
490,814
490,909
491,493
491,513
491,523
491,526
491,626
491,690
491,834
492,614
492,622
492,625
492,686
492,760
492,769
492,791
492,799
492,810
492,853
493,508
493,606
493,783
493,823
493,880
493,929
493,945
493,973
493,981
494,540
494,560
494,596
494,651
494,726
494,809
494,823
494,888
494,905
494,912
494,973
494,981
495,597
495,653
495,753
495,792
495,875
495,894
495,898
495,924
495,934
495,950
495,952
495,962
496,692
496,696
496,805
496,854
496,879
496,887
496,911
496,917
497,514
497,564
497,612
497,755
497,775
497,836
497,927
497,954
497,975
497,976
497,982
497,988
498,511
498,518
498,706
498,711
498,733
498,766
499,550
499,557
499,610
499,809
499,884
499,903
499,906
499,919
499,938
499,948
499,959
500,552
500,585
500,759
500,765
500,788
500,881
500,896
500,933
500,941
501,713
501,806
501,858
501,864
501,900
501,930
501,976
501,980
501,983
501,984
501,986
502,616
502,843
502,866
502,893
502,955
502,970
502,972
502,979
502,984
502,992
502,995
502,997
503,557
503,676
503,744
503,846
503,884
503,903
503,919
503,926
503,938
503,948
503,959
504,536
504,622
504,667
504,686
504,760
504,769
504,853
504,978
505,789
505,830
505,837
505,839
505,872
505,876
505,897
505,908
505,940
505,952
505,962
505,971
506,657
506,785
506,873
506,918
506,920
506,936
506,951
506,978
506,984
506,990
506,993
507,658
507,763
507,778
507,788
507,841
507,877
507,886
508,551
508,880
508,888
508,905
508,912
508,929
508,945
508,973
508,981
509,555
509,577
509,585
509,609
509,759
509,765
509,828
509,881
509,933
509,941
510,576
510,603
510,695
510,743
510,851
510,946
510,965
510,969
510,989
510,999
511,706
511,733
512,762
512,916
512,943
512,944
512,953
512,956
513,526
513,626
513,650
513,658
513,679
513,719
513,722
513,834
514,515
514,567
514,755
514,775
514,836
514,907
514,927
514,975
514,982
515,672
515,687
515,751
515,761
515,773
516,893
516,955
516,970
516,972
516,977
516,979
516,982
516,985
516,992
516,995
516,997
517,697
517,806
517,864
517,900
517,930
517,947
517,976
517,980
517,983
517,986
518,581
518,586
518,822
518,871
518,916
518,943
518,944
518,953
518,956
519,557
519,571
519,676
519,809
519,815
519,855
519,903
519,906
519,948
519,959
520,538
520,643
520,720
520,800
520,815
520,892
520,925
520,926
520,932
520,942
520,957
520,958
521,581
521,647
521,669
521,762
521,871
521,929
521,943
521,944
521,953
521,956
522,596
522,691
522,726
522,754
522,867
522,880
522,905
522,912
522,929
522,945
522,973
522,981
523,626
523,690
523,722
523,834
523,856
524,724
524,727
524,748
524,787
524,801
524,821
524,826
524,849
524,850
524,890
525,562
525,794
525,858
525,861
525,864
525,900
525,930
525,980
525,983
525,986
526,626
526,650
526,719
526,834
526,980
527,655
527,674
527,797
527,808
527,865
527,901
527,909
527,987
527,994
527,996
527,998
528,554
528,665
528,667
528,686
528,760
528,769
528,810
528,853
529,611
529,710
529,796
529,813
529,819
529,857
529,860
530,535
530,572
530,763
530,788
530,841
530,877
530,886
530,999
531,596
531,715
531,726
531,735
531,888
531,912
531,929
531,945
531,973
531,981
532,656
532,668
532,771
532,804
532,818
532,869
532,882
532,891
532,895
532,921
532,922
532,953
533,749
533,753
533,784
533,792
533,875
533,898
533,924
533,934
533,949
533,962
533,964
534,653
534,673
534,736
534,738
534,795
534,829
534,867
534,902
534,961
535,763
535,778
535,788
535,841
535,877
535,886
535,975
536,622
536,625
536,665
536,667
536,760
536,769
536,810
536,853
537,542
537,709
537,713
537,723
537,794
537,864
537,930
537,947
537,976
537,980
537,983
537,986
538,639
538,910
538,913
538,918
538,920
538,935
538,951
538,967
538,984
538,990
538,993
539,644
539,672
539,687
539,695
539,751
539,761
539,773
539,956
540,606
540,783
540,812
540,835
540,880
540,891
540,905
540,912
540,929
540,973
540,981
541,621
541,623
541,628
541,803
541,863
541,875
541,894
541,898
541,949
541,962
541,964
542,713
542,827
542,858
542,861
542,900
542,930
542,947
542,976
542,980
542,983
542,986
543,736
543,738
543,756
543,795
543,807
543,824
543,829
543,870
543,902
543,933
543,961
544,625
544,772
544,852
544,873
544,910
544,913
544,918
544,935
544,936
544,967
544,990
544,993
545,828
545,868
545,883
545,928
545,946
545,965
545,969
545,989
545,999
546,586
546,638
546,654
546,745
546,822
546,871
546,943
546,944
546,953
546,956
547,741
547,817
547,835
547,866
547,972
547,977
547,979
547,985
547,992
547,995
547,996
547,997
548,656
548,693
548,699
548,771
548,820
548,832
548,882
548,891
548,920
548,921
549,666
549,775
549,779
549,838
549,907
549,927
549,954
549,975
549,982
549,988
550,737
550,792
550,809
550,846
550,906
550,919
550,938
550,948
550,959
550,974
551,792
551,863
551,875
551,898
551,924
551,934
551,949
551,950
551,962
551,964
552,566
552,577
552,585
552,678
552,765
552,881
552,896
552,906
552,933
552,941
553,601
553,634
553,677
553,714
553,755
553,779
553,838
553,856
553,954
553,975
553,982
553,988
554,622
554,665
554,688
554,760
554,810
554,853
555,577
555,609
555,629
555,765
555,828
555,881
555,896
555,933
555,941
555,947
556,636
556,664
556,712
556,786
556,798
556,833
557,677
557,679
557,846
557,855
557,903
557,906
557,919
557,938
557,948
557,991
558,749
558,837
558,839
558,862
558,876
558,897
558,908
558,931
558,940
558,952
558,971
559,566
559,580
559,607
559,640
559,659
559,781
559,799
560,606
560,630
560,660
560,783
560,812
560,888
560,912
560,929
560,945
560,973
560,981
561,725
561,757
561,775
561,785
561,909
561,915
561,923
561,968
561,978
561,987
561,994
561,996
561,998
562,794
562,806
562,861
562,899
562,900
562,947
562,976
562,980
562,983
562,986
563,568
563,753
563,803
563,863
563,875
563,890
563,898
563,924
563,934
563,949
563,950
563,964
564,567
564,588
564,620
564,622
564,779
564,856
564,907
564,954
564,975
564,982
564,988
565,600
565,662
565,730
565,822
565,831
565,842
565,845
565,874
565,937
565,960
565,963
565,966
566,609
566,678
566,828
566,881
566,896
566,933
566,941
567,601
567,755
567,845
567,856
567,927
567,975
567,982
567,988
568,628
568,670
568,840
568,863
568,875
568,898
568,934
568,950
568,962
568,964
569,632
569,700
569,859
569,885
569,892
569,904
569,925
569,932
569,942
569,957
569,958
569,996
570,575
570,671
570,693
570,711
570,728
570,729
570,747
571,737
571,846
571,855
571,903
571,906
571,919
571,938
571,948
571,959
572,763
572,788
572,841
572,877
572,886
572,979
573,594
573,673
573,736
573,824
573,829
573,870
573,902
573,961
573,991
574,690
574,789
574,793
574,862
574,876
574,908
574,931
574,940
574,971
574,974
574,991
575,671
575,693
575,711
575,747
575,750
575,771
576,586
576,694
576,851
576,868
576,883
576,929
576,946
576,989
576,999
577,759
577,878
577,881
577,896
577,933
577,941
578,645
578,652
578,696
578,839
578,854
578,879
578,887
578,911
578,914
578,917
578,996
579,586
579,647
579,669
579,764
579,822
579,871
579,916
579,943
579,944
579,953
579,956
580,607
580,629
580,659
580,781
580,799
580,923
581,586
581,647
581,654
581,764
581,822
581,871
581,943
581,953
581,956
582,611
582,681
582,721
582,796
582,798
582,813
582,819
582,857
582,860
583,584
583,632
583,638
583,698
583,859
583,885
583,904
583,925
583,942
583,957
584,636
584,664
584,707
584,833
584,899
585,629
585,765
585,881
585,895
585,896
585,933
585,941
586,745
586,762
586,822
586,916
586,943
586,944
586,953
586,956
587,684
587,772
587,850
587,852
587,873
587,910
587,913
587,918
587,920
587,951
587,967
587,984
587,990
587,993
588,620
588,677
588,836
588,838
588,856
588,907
588,954
588,956
588,975
588,982
588,988
589,599
589,723
589,724
589,727
589,731
589,748
589,787
589,821
589,826
589,878
590,671
590,693
590,711
590,728
590,747
590,750
590,930
591,741
591,792
591,803
591,840
591,875
591,890
591,898
591,924
591,934
591,949
591,950
591,962
591,964
592,593
592,689
592,705
592,780
592,831
592,842
592,845
592,848
592,874
592,926
592,960
592,963
592,966
593,689
593,762
593,780
593,782
593,831
593,845
593,848
593,937
593,960
593,963
593,966
594,608
594,673
594,738
594,740
594,807
594,824
594,867
594,870
594,875
594,902
594,961
595,654
595,685
595,745
595,762
595,871
595,909
595,916
595,943
595,944
595,953
595,956
596,687
596,735
596,812
596,888
596,912
596,929
596,945
596,973
596,981
597,623
597,749
597,784
597,840
597,863
597,868
597,898
597,949
597,950
597,962
597,964
597,998
598,636
598,702
598,707
598,717
598,746
598,786
598,825
598,833
598,899
598,957
599,742
599,772
599,785
599,852
599,910
599,913
599,920
599,935
599,936
599,951
599,967
599,990
599,993
600,689
600,705
600,730
600,734
600,842
600,848
600,937
600,960
600,963
600,966
601,677
601,755
601,838
601,856
601,907
601,954
601,982
601,986
601,988
602,802
602,827
602,866
602,889
602,893
602,955
602,970
602,972
602,979
602,985
602,992
602,995
602,997
603,694
603,743
603,868
603,928
603,939
603,946
603,965
603,989
603,999
604,727
604,806
604,858
604,861
604,864
604,900
604,930
604,947
604,976
604,980
604,983
604,986
604,995
605,658
605,711
605,719
605,722
606,726
606,754
606,835
606,888
606,905
606,929
606,945
606,973
606,981
607,627
607,640
607,781
607,799
607,964
608,725
608,757
608,774
608,833
608,901
608,915
608,923
608,968
608,978
608,987
608,994
608,996
608,998
609,678
609,828
609,881
609,890
609,896
609,933
609,941
610,737
610,744
610,846
610,903
610,906
610,919
610,924
610,938
610,948
610,959
611,681
611,704
611,710
611,796
611,813
611,819
611,857
611,860
611,915
612,677
612,742
612,766
612,775
612,779
612,836
612,838
612,954
612,975
612,988
613,793
613,847
613,872
613,908
613,931
613,940
613,952
613,971
613,974
613,981
613,991
614,631
614,757
614,844
614,901
614,909
614,968
614,978
614,987
614,994
614,996
614,998
615,628
615,784
615,803
615,863
615,890
615,894
615,898
615,924
615,934
615,945
615,949
615,950
615,962
615,964
616,655
616,674
616,774
616,844
616,901
616,915
616,923
616,968
616,978
616,987
616,994
616,996
617,655
617,732
617,757
617,844
617,865
617,909
617,923
617,962
617,968
617,978
617,987
617,994
617,996
617,998
618,619
618,638
618,643
618,815
618,859
618,885
618,904
618,926
618,932
618,942
618,957
618,984
619,632
619,688
619,800
619,859
619,885
619,925
619,926
619,932
619,958
619,982
620,635
620,666
620,714
620,836
620,838
620,927
620,954
620,975
620,982
620,988
621,749
621,753
621,857
621,875
621,890
621,894
621,898
621,924
621,934
621,949
621,950
621,962
621,964
622,625
622,626
622,667
622,686
622,760
622,769
622,853
623,670
623,753
623,863
623,890
623,898
623,907
623,924
623,934
623,949
623,950
623,962
623,964
624,739
624,786
624,816
624,827
624,866
624,882
624,889
624,893
624,955
624,970
624,979
624,985
624,992
624,995
624,997
625,665
625,667
625,686
625,760
625,769
625,853
626,650
626,658
626,690
626,722
626,872
627,640
627,659
627,781
627,799
628,670
628,784
628,792
628,803
628,894
628,924
628,934
628,949
628,950
628,962
628,964
628,994
629,678
629,765
629,828
629,881
629,896
629,931
629,933
629,941
630,706
630,766
631,732
631,774
631,797
631,808
631,865
631,901
631,909
631,915
631,923
631,978
631,993
631,994
631,996
631,998
632,643
632,703
632,800
632,811
632,885
632,892
632,904
632,925
632,926
632,932
632,957
633,649
633,656
633,668
633,699
633,771
633,818
633,820
633,832
633,882
633,891
633,921
633,922
633,938
634,739
634,816
634,827
634,843
634,866
634,889
634,955
634,970
634,972
634,979
634,985
634,992
634,995
634,997
635,681
635,682
635,837
635,839
635,862
635,872
635,897
635,908
635,940
635,952
635,971
635,974
635,991
636,702
636,712
636,717
636,746
636,825
636,833
636,899
636,918
637,646
637,648
637,663
637,700
637,776
637,814
638,666
638,720
638,815
638,859
638,892
638,925
638,926
638,942
638,957
638,958
639,772
639,873
639,910
639,918
639,920
639,935
639,936
639,951
639,967
639,984
639,990
639,993
640,642
640,659
640,781
640,799
641,739
641,741
641,770
641,816
641,817
641,955
641,970
641,977
641,979
641,985
641,992
641,995
641,997
642,732
642,808
642,844
642,865
642,915
642,923
642,968
642,978
642,987
642,994
642,996
642,998
643,698
643,703
643,800
643,859
643,892
643,925
643,942
643,957
643,958
644,695
644,701
644,751
644,761
644,773
644,900
645,652
645,692
645,696
645,768
645,805
645,879
645,887
645,911
645,932
646,663
646,718
646,729
646,751
646,776
646,814
647,654
647,683
647,762
647,764
647,822
647,837
647,916
647,953
647,956
648,663
648,718
648,729
648,776
648,814
648,833
648,844
649,771
649,804
649,820
649,832
649,869
649,882
649,891
649,895
649,921
649,922
649,987
650,658
650,690
650,719
650,897
651,660
651,691
651,760
651,812
651,823
651,835
651,888
651,905
651,912
651,945
651,973
651,981
652,696
652,768
652,805
652,854
652,879
652,887
652,911
652,914
652,917
652,954
653,736
653,738
653,740
653,756
653,795
653,867
653,870
653,901
653,902
653,961
654,657
654,658
654,669
654,685
654,745
654,822
654,916
654,944
654,953
654,956
655,674
655,797
655,808
655,844
655,849
655,909
655,923
655,968
655,987
655,994
655,996
656,699
656,771
656,804
656,832
656,869
656,882
656,891
656,895
656,921
656,922
657,752
657,873
657,913
657,918
657,920
657,935
657,936
657,949
657,951
657,967
657,984
657,990
657,993
658,719
658,722
658,834
659,781
659,970
660,691
660,735
660,783
660,812
660,835
660,847
660,905
660,912
660,945
660,973
660,981
661,716
661,720
661,830
661,862
661,872
661,876
661,897
661,908
661,931
661,940
661,952
661,971
661,974
661,991
662,680
662,730
662,767
662,782
662,842
662,848
662,874
662,910
662,937
662,944
662,960
662,963
662,966
663,729
663,776
663,814
663,903
664,702
664,707
664,709
664,712
664,717
664,746
664,825
664,833
664,899
665,667
665,686
665,697
665,760
665,769
665,810
665,853
666,714
666,755
666,838
666,856
666,907
666,927
666,975
666,982
666,988
666,993
667,686
667,760
667,769
667,810
667,853
668,699
668,804
668,818
668,832
668,869
668,882
668,895
668,921
668,922
668,997
669,683
669,685
669,714
669,745
669,762
669,764
669,943
669,944
669,953
669,956
670,770
670,784
670,840
670,863
670,890
670,898
670,934
670,949
670,950
670,962
670,964
670,987
671,693
671,711
671,728
671,747
671,750
671,889
672,687
672,695
672,701
672,751
672,761
672,773
672,856
673,738
673,795
673,867
673,870
673,902
673,961
673,993
674,725
674,797
674,844
674,865
674,915
674,919
674,923
674,968
674,978
674,987
674,994
674,996
674,998
675,740
675,756
675,795
675,824
675,829
675,867
675,870
675,902
675,961
675,996
676,679
676,737
676,790
676,809
676,846
676,855
676,884
676,903
676,906
676,919
676,938
676,948
677,714
677,755
677,775
677,779
677,856
677,907
677,927
677,982
677,988
678,828
678,881
678,896
678,933
678,941
679,737
679,744
679,809
679,846
679,855
679,903
679,906
679,919
679,938
679,948
679,959
679,980
680,682
680,734
680,767
680,780
680,782
680,831
680,842
680,848
680,874
680,937
680,960
680,963
680,966
680,970
681,704
681,710
681,721
681,813
681,819
681,857
681,860
682,716
682,798
682,809
682,830
682,839
682,847
682,862
682,876
682,931
682,940
682,971
682,974
682,991
683,685
683,762
683,764
683,822
683,916
683,943
683,953
683,956
684,685
684,852
684,873
684,913
684,918
684,920
684,935
684,936
684,951
684,984
684,993
685,687
685,745
685,762
685,764
685,822
685,871
685,916
685,944
685,953
685,956
686,712
686,760
686,769
686,810
686,853
687,695
687,701
687,751
687,761
687,773
688,698
688,700
688,800
688,859
688,885
688,886
688,904
688,925
688,926
688,932
688,942
688,957
688,958
689,705
689,730
689,767
689,782
689,842
689,874
689,937
689,960
689,963
689,966
690,722
690,834
690,893
691,726
691,767
691,823
691,866
691,880
691,905
691,912
691,929
691,945
691,973
691,981
692,694
692,696
692,768
692,805
692,879
692,911
692,914
692,917
693,694
693,711
693,747
693,750
694,708
694,743
694,851
694,868
694,883
694,928
694,939
694,965
694,969
694,989
694,999
695,701
695,751
695,761
695,773
695,963
696,737
696,768
696,805
696,854
696,879
696,887
696,911
696,914
696,917
697,709
697,794
697,858
697,861
697,864
697,900
697,930
697,947
697,976
697,977
697,980
697,983
697,986
698,700
698,703
698,811
698,859
698,864
698,892
698,904
698,926
698,932
698,942
698,957
698,958
699,771
699,784
699,804
699,818
699,820
699,869
699,882
699,895
699,921
699,922
700,703
700,800
700,859
700,885
700,892
700,904
700,926
700,932
700,942
700,957
701,751
701,761
701,773
702,707
702,712
702,717
702,746
702,811
702,825
702,833
702,835
702,899
703,811
703,912
703,925
703,926
703,932
703,942
703,958
704,710
704,721
704,819
704,857
704,927
705,767
705,779
705,780
705,831
705,842
705,845
705,848
705,874
705,937
705,960
705,963
705,966
705,982
706,707
706,733
706,766
706,944
707,712
707,717
707,746
707,786
707,825
707,833
707,899
707,948
708,710
708,790
708,851
708,868
708,883
708,928
708,939
708,946
708,965
708,969
708,989
708,999
709,713
709,777
709,861
709,900
709,922
709,930
709,947
709,976
709,980
709,983
709,986
710,721
710,813
710,819
710,860
710,990
711,728
711,747
711,750
712,746
712,825
712,833
712,899
712,954
713,777
713,806
713,864
713,930
713,947
713,976
713,980
713,983
713,986
713,989
714,755
714,758
714,775
714,856
714,907
714,927
714,954
714,975
714,982
714,988
715,726
715,783
715,812
715,823
715,880
715,888
715,905
715,912
715,925
715,929
715,945
715,973
715,981
716,789
716,793
716,798
716,839
716,847
716,897
716,908
716,931
716,940
716,971
716,974
716,975
716,991
717,746
717,786
717,825
717,899
717,929
718,729
718,814
718,966
719,722
719,834
720,800
720,811
720,815
720,859
720,892
720,904
720,925
720,926
720,935
720,942
720,957
720,958
721,796
721,813
721,819
721,860
722,725
722,834
723,724
723,727
723,731
723,748
723,787
723,801
723,821
723,826
723,849
723,850
723,878
724,727
724,731
724,748
724,787
724,801
724,826
724,849
724,878
724,983
725,757
725,774
725,844
725,901
725,909
725,968
725,978
725,987
725,994
725,996
725,998
726,783
726,812
726,823
726,835
726,880
726,905
726,912
726,945
726,973
726,981
727,731
727,748
727,787
727,801
727,821
727,826
727,849
727,878
727,942
728,747
728,862
728,942
729,730
729,776
730,734
730,750
730,831
730,842
730,845
730,848
730,874
730,937
730,960
730,963
730,966
731,748
731,787
731,801
731,821
731,826
731,849
731,850
731,878
731,953
732,808
732,844
732,865
732,901
732,909
732,915
732,923
732,968
732,978
732,987
732,994
732,998
733,766
733,795
733,996
734,767
734,780
734,831
734,842
734,845
734,848
734,874
734,881
734,928
734,937
734,960
734,963
734,966
735,752
735,754
735,812
735,835
735,880
735,888
735,905
735,945
735,973
735,977
735,981
736,737
736,740
736,756
736,795
736,807
736,829
736,870
736,902
736,961
737,809
737,846
737,855
737,884
737,903
737,906
737,919
737,938
737,959
738,755
738,807
738,824
738,829
738,867
738,902
738,934
738,961
739,757
739,817
739,827
739,843
739,860
739,889
739,893
739,955
739,970
739,977
739,979
739,992
739,995
739,997
740,756
740,795
740,807
740,824
740,867
740,870
740,895
740,902
740,961
741,758
741,827
741,866
741,889
741,893
741,955
741,970
741,972
741,977
741,985
741,992
741,995
741,997
742,772
742,785
742,852
742,873
742,913
742,918
742,920
742,935
742,936
742,951
742,967
742,980
742,990
742,993
743,790
743,791
743,851
743,868
743,925
743,928
743,939
743,946
743,965
743,989
743,999
744,809
744,846
744,855
744,903
744,906
744,919
744,938
744,948
744,959
745,747
745,762
745,822
745,871
745,916
745,940
745,943
745,944
745,953
746,756
746,786
746,825
746,833
746,899
747,750
747,902
748,787
748,801
748,810
748,821
748,849
748,850
748,878
749,784
749,792
749,803
749,840
749,863
749,875
749,890
749,894
749,911
749,934
749,949
749,950
749,962
751,761
751,773
752,772
752,785
752,859
752,873
752,910
752,913
752,918
752,920
752,935
752,936
752,951
752,967
752,984
752,990
752,993
753,792
753,840
753,890
753,894
753,924
753,934
753,949
753,950
753,962
753,964
754,783
754,812
754,835
754,880
754,888
754,905
754,912
754,929
754,945
754,973
754,981
755,775
755,836
755,927
755,954
755,975
755,982
755,988
756,795
756,824
756,829
756,870
756,902
756,905
756,961
757,774
757,865
757,891
757,915
757,923
757,968
757,978
757,987
757,994
757,996
757,998
758,770
758,816
758,817
758,866
758,889
758,955
758,970
758,972
758,977
758,979
758,985
758,992
758,995
759,765
759,828
759,881
759,933
759,941
759,981
760,810
760,853
760,951
761,765
761,773
762,764
762,871
762,943
762,953
762,956
763,778
763,788
763,841
763,877
763,886
763,980
764,822
764,916
764,943
764,944
764,953
764,956
765,828
765,881
765,896
765,933
765,941
767,782
767,831
767,842
767,845
767,848
767,874
767,937
767,960
767,963
767,966
768,805
768,879
768,887
768,911
768,914
768,917
768,952
768,989
769,810
769,966
770,802
770,816
770,817
770,843
770,866
770,889
770,893
770,955
770,970
770,972
770,977
770,979
770,985
770,992
770,995
770,997
771,773
771,818
771,820
771,832
771,869
771,882
771,891
771,921
771,922
772,852
772,873
772,875
772,910
772,918
772,920
772,935
772,936
772,951
772,963
772,967
772,984
772,990
772,993
774,776
774,808
774,844
774,901
774,909
774,915
774,923
774,978
774,987
774,994
774,996
774,998
775,836
775,838
775,856
775,927
775,954
775,975
775,982
775,988
776,814
776,865
777,806
777,838
777,858
777,861
777,900
777,930
777,947
777,974
777,976
777,980
777,983
777,986
778,788
778,841
778,877
778,886
778,924
779,836
779,838
779,856
779,907
779,954
779,968
779,975
779,982
779,988
780,782
780,828
780,831
780,842
780,845
780,874
780,937
780,960
780,963
780,966
780,998
781,799
781,974
782,831
782,842
782,845
782,848
782,937
782,960
782,963
782,966
783,805
783,812
783,823
783,880
783,888
783,912
783,929
783,945
783,957
783,973
783,981
784,792
784,831
784,840
784,863
784,875
784,894
784,898
784,924
784,934
784,949
784,962
784,964
785,852
785,858
785,913
785,918
785,920
785,935
785,936
785,951
785,967
785,984
785,990
785,993
786,825
786,833
786,899
787,801
787,821
787,826
787,849
787,850
787,878
787,961
788,841
788,877
788,886
788,963
789,798
789,830
789,837
789,862
789,872
789,876
789,908
789,931
789,940
789,952
789,971
789,974
789,990
789,991
790,791
790,851
790,868
790,883
790,928
790,946
790,965
790,969
790,989
790,999
791,849
791,868
791,883
791,928
791,939
791,946
791,957
791,965
791,969
791,989
791,999
792,840
792,890
792,894
792,898
792,924
792,934
792,949
792,950
792,962
792,964
793,794
793,830
793,847
793,862
793,876
793,897
793,908
793,931
793,940
793,952
793,971
793,974
793,991
794,806
794,858
794,861
794,864
794,900
794,947
794,976
794,980
794,983
794,986
795,807
795,824
795,829
795,867
795,961
796,819
796,857
796,860
797,901
797,909
797,915
797,923
797,939
797,968
797,978
797,987
797,994
797,996
797,998
798,839
798,847
798,862
798,872
798,876
798,897
798,908
798,931
798,940
798,952
798,971
798,991
799,903
799,973
800,811
800,814
800,885
800,904
800,926
800,932
800,933
800,957
800,958
801,826
801,849
801,850
801,878
801,968
802,816
802,817
802,827
802,843
802,866
802,889
802,893
802,955
802,964
802,970
802,972
802,977
802,979
802,985
802,992
802,995
802,997
802,998
803,840
803,863
803,875
803,890
803,894
803,898
803,924
803,934
803,949
803,950
803,964
804,818
804,820
804,832
804,869
804,882
804,891
804,895
804,921
804,922
805,854
805,879
805,887
805,911
805,914
805,917
805,980
806,858
806,861
806,864
806,930
806,947
806,976
806,980
806,983
806,986
807,824
807,829
807,902
807,961
808,844
808,865
808,897
808,901
808,909
808,915
808,923
808,968
808,987
808,994
808,996
808,998
809,846
809,855
809,884
809,903
809,938
809,948
809,959
810,852
810,853
810,995
811,813
811,815
811,885
811,892
811,904
811,925
811,926
811,957
811,958
812,823
812,835
812,880
812,905
812,929
812,945
812,973
812,981
812,997
813,819
813,857
813,860
814,936
815,859
815,885
815,892
815,925
815,932
815,942
815,957
815,958
815,999
816,817
816,827
816,843
816,866
816,893
816,970
816,972
816,977
816,979
816,985
816,988
816,992
816,995
816,997
817,827
817,843
817,874
817,893
817,910
817,955
817,970
817,972
817,979
817,985
817,992
817,995
817,997
818,820
818,832
818,869
818,895
818,921
818,922
818,929
819,857
819,860
819,882
820,832
820,863
820,869
820,882
820,891
820,895
820,921
820,922
820,997
821,822
821,826
821,849
821,878
822,871
822,916
822,943
822,944
822,956
823,830
823,835
823,880
823,888
823,905
823,912
823,929
823,943
823,945
823,973
823,981
824,829
824,870
824,902
824,914
824,961
825,833
825,880
825,899
826,849
826,850
826,878
826,957
827,843
827,866
827,889
827,893
827,955
827,962
827,970
827,972
827,977
827,979
827,985
827,995
827,997
828,881
828,896
828,933
828,941
829,870
829,887
829,902
829,961
829,972
830,837
830,839
830,847
830,876
830,897
830,908
830,931
830,940
830,971
830,974
830,991
831,845
831,848
831,937
831,960
831,963
831,966
832,869
832,882
832,895
832,921
832,922
833,899
834,848
834,866
835,880
835,888
835,905
835,912
835,929
835,945
835,973
835,981
836,838
836,856
836,907
836,923
836,954
836,975
836,982
836,988
837,839
837,847
837,862
837,872
837,876
837,908
837,940
837,952
837,968
837,971
837,974
837,991
838,856
838,907
838,934
838,954
838,975
838,982
838,988
839,847
839,862
839,872
839,876
839,908
839,952
839,971
839,974
839,991
840,863
840,875
840,890
840,894
840,898
840,924
840,962
840,964
841,877
841,886
842,845
842,848
842,874
842,937
842,960
842,966
843,866
843,889
843,893
843,955
843,970
843,972
843,977
843,985
843,992
843,995
843,997
844,853
844,901
844,909
844,915
844,923
844,968
844,978
844,982
844,987
844,994
844,996
844,998
845,848
845,874
845,937
845,960
845,963
845,966
846,855
846,906
846,919
846,938
846,948
846,959
847,862
847,872
847,876
847,897
847,940
847,952
847,971
847,974
847,991
848,937
848,960
848,963
848,966
849,850
849,878
850,853
850,878
850,976
851,852
851,883
851,896
851,928
851,939
851,946
851,965
851,969
851,989
851,999
852,873
852,913
852,918
852,920
852,935
852,951
852,967
852,984
852,990
852,993
853,905
854,861
854,877
854,879
854,887
854,911
854,914
854,917
854,948
855,884
855,903
855,906
855,919
855,938
855,948
855,958
855,959
856,907
856,927
856,954
856,982
856,988
857,860
857,964
858,861
858,900
858,902
858,930
858,947
858,976
858,980
858,983
858,986
859,885
859,892
859,897
859,904
859,925
859,926
859,932
859,942
859,958
860,896
861,864
861,900
861,930
861,947
861,959
861,976
861,980
861,983
861,986
862,872
862,876
862,885
862,897
862,908
862,931
862,952
862,971
862,974
862,991
863,875
863,890
863,894
863,898
863,924
863,949
863,950
863,962
863,964
864,900
864,930
864,946
864,947
864,976
864,980
864,983
864,986
865,901
865,909
865,915
865,923
865,978
865,987
865,994
865,996
865,998
866,893
866,955
866,970
866,972
866,977
866,985
866,992
866,995
866,997
867,870
867,902
867,926
867,961
868,883
868,939
868,946
868,947
868,989
868,999
869,870
869,882
869,895
869,915
869,921
869,922
870,871
870,902
870,961
871,916
871,943
871,944
871,953
871,956
872,876
872,897
872,908
872,931
872,940
872,952
872,971
872,974
872,991
873,900
873,910
873,920
873,935
873,936
873,951
873,967
873,984
873,985
873,990
873,993
874,960
874,963
874,966
875,876
875,890
875,894
875,898
875,924
875,934
875,949
875,950
875,962
875,964
876,897
876,931
876,940
876,952
876,971
876,974
876,991
877,886
877,932
877,994
878,919
879,887
879,914
879,917
879,943
879,976
880,883
880,888
880,905
880,912
880,929
880,945
880,981
881,933
881,941
882,891
882,895
882,921
882,922
883,898
883,928
883,939
883,945
883,946
883,969
883,989
883,999
884,903
884,906
884,919
884,948
884,959
884,960
884,965
885,892
885,904
885,925
885,926
885,957
885,958
886,887
887,911
887,914
887,917
888,905
888,912
888,929
888,945
888,973
888,981
889,917
889,955
889,970
889,972
889,977
889,979
889,985
889,992
889,995
889,997
890,894
890,898
890,924
890,934
890,949
890,950
890,962
890,964
891,892
891,895
891,921
891,922
892,904
892,925
892,926
892,932
892,942
892,957
893,909
893,955
893,970
893,972
893,977
893,979
893,985
893,992
893,995
893,997
894,924
894,934
894,949
894,950
894,962
894,964
894,999
895,921
895,922
896,933
896,936
896,941
897,908
897,931
897,952
897,971
897,974
897,991
898,924
898,934
898,949
898,950
898,962
898,964
898,993
899,901
899,992
900,930
900,947
900,976
900,980
900,983
900,986
901,909
901,915
901,923
901,968
901,978
901,987
901,994
901,996
901,998
903,906
903,919
903,938
903,948
903,959
904,925
904,926
904,942
904,957
904,958
904,979
905,908
905,912
905,929
905,945
905,973
905,981
906,916
906,919
906,938
906,948
906,959
906,987
907,910
907,927
907,954
907,975
907,982
907,988
908,931
908,940
908,952
908,971
908,972
908,974
908,979
908,991
909,915
909,923
909,968
909,978
909,987
909,994
909,996
909,998
910,913
910,918
910,920
910,936
910,951
910,967
910,984
910,990
910,993
911,914
911,917
911,961
911,974
912,927
912,945
912,973
912,981
912,990
913,914
913,916
913,918
913,920
913,935
913,936
913,951
913,967
913,984
913,990
913,993
914,916
914,917
915,923
915,968
915,978
915,987
915,994
915,998
916,943
916,944
916,953
916,956
917,920
918,935
918,936
918,951
918,967
918,990
918,993
919,938
919,948
919,956
919,959
920,935
920,936
920,951
920,967
920,984
920,990
920,993
921,922
921,927
921,948
921,950
921,965
922,977
923,968
923,978
923,981
923,987
923,994
923,996
923,998
924,934
924,937
924,949
924,950
924,964
925,926
925,932
925,942
925,957
925,958
926,932
926,942
926,957
927,930
927,954
927,975
927,982
927,988
928,939
928,946
928,965
928,969
928,971
928,989
928,999
929,945
929,973
929,981
930,947
930,976
930,980
930,983
930,986
931,940
931,952
931,971
931,974
931,979
931,991
932,942
932,957
932,958
932,978
933,941
934,949
934,950
934,962
934,964
934,989
935,936
935,938
935,951
935,967
935,969
935,984
935,990
935,993
936,951
936,967
936,984
936,990
936,993
937,939
937,960
937,963
937,966
938,948
938,959
938,975
939,946
939,965
939,969
939,989
939,999
940,952
940,959
940,971
940,974
940,991
941,942
941,943
941,988
942,943
942,957
942,958
943,944
943,956
944,953
944,956
944,966
945,949
945,981
946,959
946,965
946,969
946,989
946,999
947,976
947,980
947,983
947,986
948,959
949,950
949,962
949,964
949,976
950,951
950,953
950,962
950,964
951,967
951,984
951,990
951,993
952,971
952,974
952,991
953,954
953,956
954,975
954,982
954,988
955,967
955,970
955,972
955,975
955,976
955,977
955,979
955,985
955,992
955,995
955,997
957,958
958,960
958,986
960,963
960,966
960,985
961,997
962,964
963,966
963,988
964,965
965,966
965,969
965,989
965,999
967,972
967,973
967,984
967,990
967,993
968,978
968,987
968,994
968,996
968,998
969,971
969,989
969,999
970,972
970,977
970,979
970,985
970,992
970,995
970,997
971,974
971,977
971,991
972,977
972,979
972,985
972,992
972,995
972,997
973,981
973,992
974,991
975,982
975,988
976,980
976,983
976,986
977,979
977,985
977,992
977,995
977,997
978,987
978,994
978,996
978,998
979,985
979,992
979,995
979,997
980,983
980,986
982,988
983,986
984,990
984,993
985,989
985,992
985,993
985,995
985,997
986,992
987,994
987,996
987,998
988,989
988,994
989,999
990,991
990,993
991,992
991,994
992,995
992,997
994,996
994,998
995,997
996,998
997,998